9 1110101111
10 1001101
32 110
33 1110101100100000
34 000010011
35 00001001011010
36 100111011111
39 00001011
40 100111001
41 101101000
42 100111011100
43 100110001111
44 1011011
45 111010100
46 1011110
47 11101001011
48 1001111
49 1011111
50 1011010110
51 1001100010
52 10011001001
53 0000100100
54 111010110000
55 111010010100
56 100110001101
57 100110010100
58 11101011011
59 100111011110
61 111010110001
63 1110101100100010
65 100110000
66 00001001010
67 1110101110
68 1110101100111
69 10011101101
70 11101001001
71 1110101100110
72 00001000
73 101101001
74 11101001000111
75 111010010001101
76 111010010000
77 10011001000
78 10110101001
79 10110101010
80 100111011101
82 1110101100101
83 1011010111
84 00001010
85 100110001110
87 11101011010
89 100110010101
90 1110101100100011
91 100110010110
92 100111000
93 100110010111
94 00001001011011
95 1110100100010
97 1000
98 000011
99 01111
100 01110
101 001
102 111100
103 101110
104 11100
105 0101
106 111010010101
107 100111010
108 10010
109 111101
110 0100
111 0110
112 101100
113 111010101
114 11111
115 0001
116 1010
117 111011
118 11101000
119 000000
120 111010011
121 000001
122 10110101000
123 1001100110
124 1110101100100001
125 1001100111
128 10011101100
136 10011000110010
146 10011000110011
147 000010010111
148 11101011001001
156 0000100101100
157 1001100011000
226 10110101011
256 111010010001100
